D:/positive\1659878971.1910882.jpg 1 351 347 51 77
D:/positive\1659878980.030113.jpg 1 337 351 56 72
D:/positive\1659878980.9828928.jpg 1 282 358 52 62
D:/positive\1659878981.4322188.jpg 1 263 357 44 64
D:/positive\1659879029.7079713.jpg 1 683 329 53 87
D:/positive\1659879030.395989.jpg 1 356 334 75 71
D:/positive\1659879030.8474536.jpg 1 132 338 68 76
D:/positive\1659879122.9330862.jpg 1 482 320 62 67
D:/positive\1659879147.3635528.jpg 1 329 313 52 74
D:/positive\1659879156.6713579.jpg 1 333 317 47 73
D:/positive\1659879157.039483.jpg 1 328 314 55 75
D:/positive\1659879192.1633396.jpg 1 251 313 46 76
D:/positive\1659879458.9197044.jpg 1 608 352 50 67
D:/positive\1659879541.7637393.jpg 1 392 354 53 79
D:/positive\1659879544.88016.jpg 1 391 353 59 79
D:/positive\1659879549.5784516.jpg 1 456 306 47 71
D:/positive\1659879556.7286596.jpg 1 450 272 53 105
D:/positive\1659879659.3894973.jpg 1 289 397 49 82
D:/positive\1659879660.5225.jpg 1 289 399 45 77
D:/positive\1659879661.4831944.jpg 1 298 401 58 77
D:/positive\1659879662.006226.jpg 1 349 397 49 81
D:/positive\1659879662.6786482.jpg 2 354 382 44 96 354 382 69 79
D:/positive\1659879663.5985768.jpg 1 410 430 84 48
D:/positive\1659879664.4819314.jpg 1 418 396 60 80
D:/positive\1659879665.098403.jpg 1 431 378 64 89
D:/positive\1659879665.72224.jpg 1 484 432 87 47
D:/positive\1659879666.5766861.jpg 0
D:/positive\1659879672.3038104.jpg 1 579 395 55 83
D:/positive\1659879672.6992576.jpg 2 607 401 27 77 607 401 52 76
D:/positive\1659879673.065964.jpg 1 632 392 44 86
D:/positive\1659879676.8375766.jpg 1 394 356 70 75
D:/positive\1659879677.2709844.jpg 1 339 437 85 41
D:/positive\1659879677.7780046.jpg 1 343 439 88 40
D:/positive\1659879678.2124052.jpg 1 374 408 51 69
D:/positive\1659879844.8880868.jpg 1 32 326 50 88
D:/positive\1659879845.3526707.jpg 1 41 327 41 87
D:/positive\1659879845.8816693.jpg 1 41 327 44 87
D:/positive\1659879846.5391302.jpg 1 40 340 45 74
D:/positive\1659879847.089667.jpg 1 40 340 49 73
D:/positive\1659879847.8021953.jpg 1 77 297 55 96
D:/positive\1659879848.4304473.jpg 1 217 363 90 54
D:/positive\1659879849.4172208.jpg 0
D:/positive\1659879850.4071429.jpg 1 225 329 59 85
D:/positive\1659879851.3379915.jpg 1 224 338 57 77
